Матрица СЛАУ:
9 -5 -6 3 

1 -7 1 0 

3 -4 9 0 

6 -1 9 8 

Вектор значений:
-8 38 47 -8 

LUP-разложение матрицы А:

Матрица перестановок P:
1 0 0 0 

0 1 0 0 

0 0 0 1 

0 0 1 0 

Матрица L:
              1               0               0               0 

       0.111111               1               0               0 

       0.666667       -0.362069               1               0 

       0.333333        0.362069        0.764259               1 

Матрица U:
              9              -5              -6               3 

              0        -6.44444         1.66667       -0.333333 

              0               0         13.6034         5.87931 

              0               0               0        -5.37262 

Решение системы СЛАУ
x1 =  0
x2 = -5
x3 =  3
x4 = -5
